%YAML:1.0

width: 640
height: 480

fx: 643.2870808241204
fy: 644.3426395729206
cx: 317.1686355903425
cy: 219.3068634190016

distortion_coefficients: !!opencv-matrix
   rows: 5
   cols: 1
   dt: d
   data: [      0.0009099672625091039,
                0.3402326345719853,
                -0.003160702756864025,
                -0.001101383931263615,
                -1.264632700808084 ]